"Datum"	"Positief getest werkelijk"	"Opgenomen (geweest) in ziekenhuis"	"Overleden"	"Opgenomen (geweest) op IC"	"Op dit moment op IC"
2020-02-27	0	61	0	20722	13
2020-02-28	0	126	0	22316	14
2020-02-29	0	191	0	23910	15
2020-03-01	0	263	0	27098	17
2020-03-02	0	346	0	27098	16
2020-03-03	0	436	0	30286	18
2020-03-04	0	538	0	35068	21
2020-03-05	0	649	0	38256	21
2020-03-06	0	778	0	44632	24
2020-03-07	0	915	0	49414	26
2020-03-08	0	1071	0	57384	32
2020-03-09	0	1252	0	68542	37
2020-03-10	0	1456	0	84482	45
2020-03-11	0	1696	0	98828	52
2020-03-12	0	1979	0	135490	72
2020-03-13	0	2331	0	156212	82
2020-03-14	0	2722	0	189686	101
2020-03-15	0	3161	0	234318	123
2020-03-16	0	3733	0	286920	153
2020-03-17	0	4389	0	342710	182
2020-03-18	0	5173	0	431974	233
2020-03-19	0	6166	0	538772	293
2020-03-20	0	7331	0	672668	365
2020-03-21	0	8576	0	804970	435
2020-03-22	0	9922	0	924520	486
2020-03-23	0	11596	0	1082326	575
2020-03-24	0	13522	0	1259260	654
2020-03-25	0	15665	0	1452134	754
2020-03-26	0	18006	0	1632256	840
2020-03-27	0	20606	0	1818754	923
2020-03-28	0	23145	0	1984530	987
2020-03-29	0	25637	0	2131178	1038
2020-03-30	0	28275	0	2336804	1122
2020-03-31	0	30841	0	2513738	1187
2020-04-01	0	33309	0	2636476	1205
2020-04-02	0	35755	0	2792688	1250
2020-04-03	0	38207	0	2915426	1277
2020-04-04	0	40448	0	3020630	1282
2020-04-05	0	42639	0	3141774	1306
2020-04-06	0	44950	0	3239008	1313
2020-04-07	0	47121	0	3334648	1315
2020-04-08	0	49152	0	3427100	1286
2020-04-09	0	51008	0	3509988	1283
2020-04-10	0	52775	0	3589688	1290
2020-04-11	0	54355	0	3637508	1260
2020-04-12	0	55879	0	3691704	1241
2020-04-13	0	57394	0	3763434	1225
2020-04-14	0	58923	0	3824006	1203
2020-04-15	0	60366	0	3863856	1178
2020-04-16	0	61698	0	3911676	1144
2020-04-17	0	62988	0	3953120	1113
2020-04-18	0	64138	0	3983406	1068
2020-04-19	0	65260	0	4015286	1037
2020-04-20	0	66421	0	4058324	1016
2020-04-21	0	67536	0	4094986	981
2020-04-22	0	68571	0	4118896	923
2020-04-23	0	69565	0	4144400	882
2020-04-24	0	70503	0	4174686	864
2020-04-25	0	71312	0	4197002	833
2020-04-26	0	72091	0	4217724	806
2020-04-27	0	72854	0	4240040	785
2020-04-28	0	73633	0	4263950	764
2020-04-29	0	74354	0	4283078	736
2020-04-30	0	75051	0	4311770	712
2020-05-01	0	75694	0	4326116	678
2020-05-02	0	76254	0	4340462	639
2020-05-03	0	76798	0	4357996	626
2020-05-04	0	77390	0	4377124	615
2020-05-05	0	77915	0	4381906	574
2020-05-06	0	78455	0	4393064	548
2020-05-07	0	78969	0	4409004	527
2020-05-08	0	79482	0	4420162	495
2020-05-09	0	79947	0	4428132	473
2020-05-10	0	80394	0	4434508	455
2020-05-11	0	80870	0	4447260	449
2020-05-12	0	81317	0	4450448	407
2020-05-13	0	81738	0	4456824	391
2020-05-14	0	82126	0	4471170	365
2020-05-15	0	82493	0	4475952	348
2020-05-16	0	82817	0	4488704	333
2020-05-17	0	83155	0	4495080	327
2020-05-18	0	83525	0	4501456	322
2020-05-19	0	83871	0	4503050	288
2020-05-20	0	84203	0	4506238	278
2020-05-21	0	84501	0	4509426	257
2020-05-22	0	84829	0	4515802	246
2020-05-23	0	85121	0	4522178	231
2020-05-24	0	85405	0	4533336	230
2020-05-25	0	85724	0	4534930	220
2020-05-26	0	86037	0	4541306	197
2020-05-27	0	86320	0	4547682	183
2020-05-28	0	86582	0	4549276	175
2020-05-29	0	86846	0	4554058	165
2020-05-30	0	87093	0	4558840	156
2020-05-31	0	87335	0	4563622	158
2020-06-01	0	87581	0	4571592	156
2020-06-02	0	87849	0	4573186	151
2020-06-03	0	88108	0	4581156	137
2020-06-04	0	88352	0	4590720	135
2020-06-05	0	88579	0	4595502	132
2020-06-06	0	88773	0	4598690	130
2020-06-07	0	88967	0	4603472	129
2020-06-08	0	89161	0	4603472	127
2020-06-09	0	89335	0	4606660	120
2020-06-10	0	89493	0	4609848	117
2020-06-11	0	89655	0	4611442	113
2020-06-12	0	89808	0	4616224	110
2020-06-13	0	89942	0	4619412	108
2020-06-14	0	90075	0	4619412	107
2020-06-15	0	90211	0	4621006	106
2020-06-16	0	90347	0	4624194	97
2020-06-17	0	90475	0	4624194	88
2020-06-18	0	90604	0	4625788	81
2020-06-19	0	90729	0	4625788	74
2020-06-20	0	90835	0	4628976	74
2020-06-21	0	90942	0	4628976	70
2020-06-22	0	91052	0	4633758	72
2020-06-23	0	91163	0	4635352	65
2020-06-24	0	91273	0	4636946	61
2020-06-25	0	91390	0	4636946	59
2020-06-26	0	91503	0	4636946	53
2020-06-27	0	91595	0	4636946	49
2020-06-28	0	91691	0	4636946	45
2020-06-29	0	91796	0	4636946	45
2020-06-30	0	91887	0	4640134	45
2020-07-01	0	91976	0	4640134	41
2020-07-02	0	92058	0	4644916	43
2020-07-03	0	92140	0	4644916	40
2020-07-04	0	92212	0	4646510	41
2020-07-05	0	92287	0	4646510	39
2020-07-06	0	92366	0	4646510	38
2020-07-07	0	92447	0	4648104	36
2020-07-08	0	92526	0	4651292	33
2020-07-09	0	92605	0	4652886	33
2020-07-10	0	92694	0	4654480	34
2020-07-11	0	92775	0	4654480	32
2020-07-12	0	92856	0	4656074	33
2020-07-13	0	92944	0	4656074	32
2020-07-14	0	93033	0	4656074	29
2020-07-15	0	93115	0	4657668	29
2020-07-16	0	93193	0	4659262	28
2020-07-17	0	93269	0	4659262	28
2020-07-18	0	93352	0	4659262	27
2020-07-19	0	93438	0	4660856	28
2020-07-20	0	93527	0	4662450	28
2020-07-21	0	93615	0	4665638	28
2020-07-22	0	93692	0	4667232	28
2020-07-23	0	93776	0	4668826	26
2020-07-24	0	93858	0	4670420	25
2020-07-25	0	93943	0	4672014	22
2020-07-26	0	94030	0	4676796	23
2020-07-27	0	94125	0	4681578	26
2020-07-28	0	94223	0	4681578	26
2020-07-29	0	94312	0	4681578	25
2020-07-30	0	94405	0	4686360	27
2020-07-31	0	94502	0	4692736	30
2020-08-01	0	94600	0	4695924	31
2020-08-02	0	94708	0	4699112	32
2020-08-03	0	94826	0	4703894	35
2020-08-04	0	94937	0	4708676	37
2020-08-05	0	95043	0	4711864	36
2020-08-06	0	95148	0	4716646	39
2020-08-07	0	95260	0	4718240	39
2020-08-08	0	95379	0	4719834	40
2020-08-09	0	95511	0	4729398	45
2020-08-10	0	95653	0	4735774	43
2020-08-11	0	95814	0	4740556	45
2020-08-12	0	95977	0	4746932	45
2020-08-13	0	96140	0	4753308	43
2020-08-14	0	96298	0	4762872	48
2020-08-15	0	96452	0	4764466	46
2020-08-16	0	96615	0	4770842	47
2020-08-17	0	96795	0	4783594	55
2020-08-18	0	96970	0	4786782	51
2020-08-19	0	97148	0	4791564	50
2020-08-20	0	97335	0	4801128	52
2020-08-21	0	97516	0	4809098	55
2020-08-22	0	97677	0	4809098	51
2020-08-23	0	97839	0	4817068	53
2020-08-24	0	98005	0	4820256	53
2020-08-25	0	98178	0	4825038	48
2020-08-26	0	98341	0	4825038	46
2020-08-27	0	98489	0	4828226	45
2020-08-28	0	98639	0	4831414	43
2020-08-29	0	98772	0	4836196	44
2020-08-30	0	98907	0	4840978	49
2020-08-31	0	99053	0	4842572	48
2020-09-01	0	99198	0	4845760	44
2020-09-02	0	99349	0	4848948	43
2020-09-03	0	99495	0	4853730	44
2020-09-04	0	99648	0	4860106	48
2020-09-05	0	99801	0	4861700	44
2020-09-06	0	99972	0	4868076	48
2020-09-07	0	100164	0	4872858	49
2020-09-08	0	100370	0	4877640	48
2020-09-09	0	100596	0	4884016	49
2020-09-10	0	100816	0	4891986	52
2020-09-11	0	101056	0	4901550	57
2020-09-12	0	101293	0	4911114	61
2020-09-13	0	101543	0	4917490	63
2020-09-14	0	101834	0	4935024	74
2020-09-15	0	102133	0	4941400	74
2020-09-16	0	102459	0	4942994	69
2020-09-17	0	102803	0	4950964	70
2020-09-18	0	103185	0	4962122	73
2020-09-19	0	103585	0	4984438	86
2020-09-20	0	104005	0	5005160	97
2020-09-21	0	104477	0	5025882	106
2020-09-22	0	104979	0	5043416	113
2020-09-23	0	105524	0	5064138	122
2020-09-24	0	106118	0	5081672	129
2020-09-25	0	106740	0	5110364	143
2020-09-26	0	107357	0	5131086	148
2020-09-27	0	108007	0	5159778	159
2020-09-28	0	108712	0	5183688	166
2020-09-29	0	109454	0	5220350	176
2020-09-30	0	110213	0	5244260	177
2020-10-01	0	111000	0	5264982	181
2020-10-02	0	111809	0	5287298	181
2020-10-03	0	112640	0	5317584	191
2020-10-04	0	113511	0	5351058	202
2020-10-05	0	114487	0	5395690	217
2020-10-06	0	115508	0	5449886	239
2020-10-07	0	116552	0	5497706	252
2020-10-08	0	117624	0	5532774	258
2020-10-09	0	118772	0	5577406	274
2020-10-10	0	119902	0	5620444	273
2020-10-11	0	121090	0	5650730	279
2020-10-12	0	122425	0	5716084	302
2020-10-13	0	123857	0	5773468	321
2020-10-14	0	125283	0	5829258	341
2020-10-15	0	126736	0	5889830	359
2020-10-16	0	128238	0	5977500	396
2020-10-17	0	129731	0	6025320	391
2020-10-18	0	131259	0	6090674	414
2020-10-19	0	132939	0	6186314	452
2020-10-20	0	134677	0	6266014	478
2020-10-21	0	136449	0	6342526	493
2020-10-22	0	138293	0	6411068	506
2020-10-23	0	140218	0	6495550	520
2020-10-24	0	142075	0	6554528	524
2020-10-25	0	144004	0	6629446	540
2020-10-26	0	146093	0	6725086	567
2020-10-27	0	148191	0	6803192	578
2020-10-28	0	150266	0	6884486	596
2020-10-29	0	152312	0	6957810	607
2020-10-30	0	154378	0	7024758	614
2020-10-31	0	156365	0	7101270	623
2020-11-01	0	158374	0	7169812	632
2020-11-02	0	160592	0	7265452	658
2020-11-03	0	162757	0	7316460	653
2020-11-04	0	164855	0	7380220	658
2020-11-05	0	166882	0	7436010	650
2020-11-06	0	168833	0	7491800	647
2020-11-07	0	170634	0	7553966	639
2020-11-08	0	172415	0	7624102	644
2020-11-09	0	174341	0	7689456	645
2020-11-10	0	176204	0	7748434	648
2020-11-11	0	178021	0	7805818	643
2020-11-12	0	179786	0	7871172	648
2020-11-13	0	181532	0	7920586	650
2020-11-14	0	183144	0	7955654	617
2020-11-15	0	184751	0	8009850	621
2020-11-16	0	186505	0	8067234	617
2020-11-17	0	188230	0	8113460	604
2020-11-18	0	189897	0	8162874	588
2020-11-19	0	191503	0	8225040	590
2020-11-20	0	193019	0	8271266	581
2020-11-21	0	194438	0	8304740	567
2020-11-22	0	195891	0	8344590	562
2020-11-23	0	197474	0	8386034	564
2020-11-24	0	199010	0	8441824	557
2020-11-25	0	200475	0	8507178	563
2020-11-26	0	201946	0	8554998	558
2020-11-27	0	203409	0	8582096	541
2020-11-28	0	204772	0	8615570	535
2020-11-29	0	206140	0	8645856	520
2020-11-30	0	207593	0	8687300	517
2020-12-01	0	209000	0	8735120	510
2020-12-02	0	210370	0	8782940	511
2020-12-03	0	211747	0	8830760	499
2020-12-04	0	213157	0	8883362	509
2020-12-05	0	214519	0	8923212	503
2020-12-06	0	215922	0	8967844	508
2020-12-07	0	217436	0	9001318	504
2020-12-08	0	218935	0	9065078	514
2020-12-09	0	220417	0	9114492	506
2020-12-10	0	221896	0	9167094	511
2020-12-11	0	223447	0	9224478	508
2020-12-12	0	224970	0	9259546	505
2020-12-13	0	226546	0	9326494	530
2020-12-14	0	228294	0	9366344	535
2020-12-15	0	230037	0	9438074	548
2020-12-16	0	231807	0	9495458	559
2020-12-17	0	233621	0	9571970	584
2020-12-18	0	235490	0	9634136	591
2020-12-19	0	237262	0	9702678	602
2020-12-20	0	239048	0	9790348	624
2020-12-21	0	241031	0	9841356	621
2020-12-22	0	243032	0	9909898	629
2020-12-23	0	245059	0	9986410	646
2020-12-24	0	247104	0	10064516	651
2020-12-25	0	249048	0	10121900	644
2020-12-26	0	251031	0	10188848	657
2020-12-27	0	253105	0	10258984	673
2020-12-28	0	255462	0	10368970	708
2020-12-29	0	257798	0	10467798	728
2020-12-30	0	260093	0	10541122	736
2020-12-31	0	262309	0	10604882	737
2021-01-01	0	264362	0	10668642	725
2021-01-02	0	266465	0	10732402	730
2021-01-03	0	268592	0	10804132	732
2021-01-04	0	270844	0	10896584	750
2021-01-05	0	273062	0	10982660	746
2021-01-06	0	275223	0	11054390	733
2021-01-07	0	277326	0	11114962	732
2021-01-08	0	279367	0	11186692	730
2021-01-09	0	281234	0	11236106	710
2021-01-10	0	283111	0	11285520	706
2021-01-11	0	285120	0	11346092	718
2021-01-12	0	287064	0	11417822	725
2021-01-13	0	288951	0	11475206	726
2021-01-14	0	290776	0	11529402	709
2021-01-15	0	292583	0	11588380	702
2021-01-16	0	294263	0	11631418	684
2021-01-17	0	295898	0	11691990	692
2021-01-18	0	297659	0	11757344	702
2021-01-19	0	299407	0	11811540	695
2021-01-20	0	301080	0	11864142	687
2021-01-21	0	302754	0	11927902	692
2021-01-22	0	304407	0	11983692	684
2021-01-23	0	305982	0	12036294	673
2021-01-24	0	307567	0	12077738	671
2021-01-25	0	309247	0	12165408	694
2021-01-26	0	310881	0	12219604	685
2021-01-27	0	312453	0	12264236	659
2021-01-28	0	313984	0	12334372	661
2021-01-29	0	315526	0	12377410	656
2021-01-30	0	316998	0	12426824	642
2021-01-31	0	318505	0	12484208	658
2021-02-01	0	320118	0	12532028	661
2021-02-02	0	321698	0	12576660	642
2021-02-03	0	323220	0	12622886	627
2021-02-04	0	324710	0	12664330	603
2021-02-05	0	326191	0	12694616	572
2021-02-06	0	327547	0	12728090	546
2021-02-07	0	328886	0	12761564	532
2021-02-08	0	330330	0	12812572	544
2021-02-09	0	331748	0	12844452	541
2021-02-10	0	333167	0	12889084	541
2021-02-11	0	334572	0	12940092	539
2021-02-12	0	335954	0	12992694	535
2021-02-13	0	337239	0	13027762	529
2021-02-14	0	338530	0	13069206	534
2021-02-15	0	339935	0	13126590	547
2021-02-16	0	341324	0	13188756	542
2021-02-17	0	342697	0	13246140	542
2021-02-18	0	344077	0	13289178	530
2021-02-19	0	345436	0	13340186	533
2021-02-20	0	346700	0	13403946	539
2021-02-21	0	347963	0	13461330	554
2021-02-22	0	349337	0	13512338	566
2021-02-23	0	350700	0	13553782	553
2021-02-24	0	352046	0	13601602	549
2021-02-25	0	353353	0	13676520	560
2021-02-26	0	354648	0	13722746	545
2021-02-27	0	355887	0	13756220	526
2021-02-28	0	357142	0	13823168	545
2021-03-01	0	358521	0	13904462	576
2021-03-02	0	359881	0	13966628	570
2021-03-03	0	361194	0	14020824	559
2021-03-04	0	362488	0	14087772	571
2021-03-05	0	363766	0	14145156	565
2021-03-06	0	364961	0	14205728	574
2021-03-07	0	366177	0	14258330	575
2021-03-08	0	367504	0	14325278	599
2021-03-09	0	368832	0	14381068	590
2021-03-10	0	370133	0	14449610	601
2021-03-11	0	371424	0	14516558	602
2021-03-12	0	372720	0	14565972	592
2021-03-13	0	373980	0	14620168	578
2021-03-14	0	375266	0	14685522	583
2021-03-15	0	376673	0	14757252	599
2021-03-16	0	378084	0	14828982	609
2021-03-17	0	379482	0	14889554	591
2021-03-18	0	380921	0	14975630	598
2021-03-19	0	382371	0	15052142	610
2021-03-20	0	383777	0	15112714	618
2021-03-21	0	385231	0	15195602	636
2021-03-22	0	386820	0	15259362	648
2021-03-23	0	388375	0	15326310	643
2021-03-24	0	389937	0	15386882	641
2021-03-25	0	391494	0	15480928	658
2021-03-26	0	393073	0	15576568	663
2021-03-27	0	394578	0	15640328	666
2021-03-28	0	396103	0	15696118	672
2021-03-29	0	397816	0	15772630	693
2021-03-30	0	399505	0	15853924	694
2021-03-31	0	401154	0	15949564	708
2021-04-01	0	402818	0	16022888	702
2021-04-02	0	404414	0	16132874	735
2021-04-03	0	405913	0	16206198	745
2021-04-04	0	407426	0	16293868	759
2021-04-05	0	409009	0	16378350	770
2021-04-06	0	410699	0	16466020	785
2021-04-07	0	412383	0	16566442	801
2021-04-08	0	414031	0	16642954	806
2021-04-09	0	415700	0	16730624	810
2021-04-10	0	417279	0	16813512	800
2021-04-11	0	418871	0	16905964	804
2021-04-12	0	420536	0	16984070	807
2021-04-13	0	422147	0	17054206	795
2021-04-14	0	423730	0	17140282	802
2021-04-15	0	425292	0	17242298	819
2021-04-16	0	426890	0	17326780	812
2021-04-17	0	428408	0	17412856	821
2021-04-18	0	429955	0	17498932	820
2021-04-19	0	431699	0	17600948	846
2021-04-20	0	433450	0	17683836	834
2021-04-21	0	435202	0	17765130	842
2021-04-22	0	436952	0	17836860	843
2021-04-23	0	438674	0	17938876	858
2021-04-24	0	440277	0	18020170	841
2021-04-25	0	441907	0	18088712	838
2021-04-26	0	443710	0	18184352	841
2021-04-27	0	445422	0	18267240	838
2021-04-28	0	447257	0	18345346	835
2021-04-29	0	449126	0	18450550	842
2021-04-30	0	450974	0	18531844	838
2021-05-01	0	452698	0	18592416	822
2021-05-02	0	454372	0	18699214	854
2021-05-03	0	456150	0	18782102	851
2021-05-04	0	457871	0	18863396	851
2021-05-05	0	459469	0	18935126	837
2021-05-06	0	461088	0	19006856	821
2021-05-07	0	462717	0	19080180	809
2021-05-08	0	464227	0	19140752	790
2021-05-09	0	465708	0	19198136	780
2021-05-10	0	467283	0	19255520	763
2021-05-11	0	468798	0	19320874	752
2021-05-12	0	470237	0	19381446	741
2021-05-13	0	471563	0	19424484	726
2021-05-14	0	472956	0	19475492	725
2021-05-15	0	474233	0	19528094	708
2021-05-16	0	475483	0	19567944	687
2021-05-17	0	476821	0	19626922	686
2021-05-18	0	478112	0	19679524	661
2021-05-19	0	479311	0	19716186	640
2021-05-20	0	480470	0	19752848	627
2021-05-21	0	481588	0	19789510	611
2021-05-22	0	482595	0	19830954	608
2021-05-23	0	483567	0	19864428	600
2021-05-24	0	484534	0	19912248	600
2021-05-25	0	485528	0	19939346	587
2021-05-26	0	486453	0	19960068	561
2021-05-27	0	487309	0	19988760	547
2021-05-28	0	488126	0	20014264	527
2021-05-29	0	488854	0	20031798	507
2021-05-30	0	489555	0	20050926	493
2021-05-31	0	490286	0	20065272	474
2021-06-01	0	490966	0	20076430	449
2021-06-02	0	491602	0	20097152	427
2021-06-03	0	492200	0	20106716	398
2021-06-04	0	492803	0	20114686	372
2021-06-05	0	493365	0	20125844	357
2021-06-06	0	493920	0	20133814	347
2021-06-07	0	494485	0	20141784	343
2021-06-08	0	495017	0	20154536	325
2021-06-09	0	495494	0	20168882	313
2021-06-10	0	495941	0	20175258	301
2021-06-11	0	496361	0	20184822	285
2021-06-12	0	496732	0	20195980	272
2021-06-13	0	497103	0	20199168	267
2021-06-14	0	497498	0	20210326	268
2021-06-15	0	497850	0	20216702	254
2021-06-16	0	498181	0	20226266	241
2021-06-17	0	498508	0	20234236	230
2021-06-18	0	498829	0	20239018	219
2021-06-19	0	499121	0	20246988	208
2021-06-20	0	499410	0	20251770	198
2021-06-21	0	499700	0	20259740	196
2021-06-22	0	499964	0	20266116	185
2021-06-23	0	500219	0	20269304	173
2021-06-24	0	500453	0	20270898	160
2021-06-25	0	500673	0	20275680	152
2021-06-26	0	500881	0	20275680	148
2021-06-27	0	501090	0	20280462	143
2021-06-28	0	501292	0	20283650	142
2021-06-29	0	501493	0	20283650	131
2021-06-30	0	501680	0	20285244	126
2021-07-01	0	501869	0	20285244	115
2021-07-02	0	502049	0	20291620	112
2021-07-03	0	502223	0	20293214	112
2021-07-04	0	502401	0	20296402	112
2021-07-05	0	502582	0	20297996	111
2021-07-06	0	502754	0	20299590	106
2021-07-07	0	502925	0	20299590	98
2021-07-08	0	503103	0	20299590	90
2021-07-09	0	503283	0	20304372	89
2021-07-10	0	503469	0	20307560	86
2021-07-11	0	503666	0	20315530	87
2021-07-12	0	503878	0	20320312	90
2021-07-13	0	504098	0	20328282	86
2021-07-14	0	504341	0	20331470	83
2021-07-15	0	504605	0	20339440	83
2021-07-16	0	504893	0	20353786	87
2021-07-17	0	505197	0	20360162	88
2021-07-18	0	505542	0	20369726	91
2021-07-19	0	505941	0	20406388	109
2021-07-20	0	506376	0	20423922	112
2021-07-21	0	506821	0	20447832	120
2021-07-22	0	507279	0	20465366	124
2021-07-23	0	507775	0	20489276	132
2021-07-24	0	508280	0	20527532	143
2021-07-25	0	508797	0	20553036	152
2021-07-26	0	509372	0	20583322	162
2021-07-27	0	509966	0	20619984	173
2021-07-28	0	510560	0	20658240	184
2021-07-29	0	511162	0	20680556	188
2021-07-30	0	511768	0	20706060	187
2021-07-31	0	512352	0	20733158	194
2021-08-01	0	512950	0	20763444	204
2021-08-02	0	513573	0	20792136	214
2021-08-03	0	514152	0	20812858	211
2021-08-04	0	514702	0	20844738	218
2021-08-05	0	515237	0	20879806	221
2021-08-06	0	515764	0	20900528	222
2021-08-07	0	516275	0	20930814	222
2021-08-08	0	516774	0	20956318	221
2021-08-09	0	517284	0	20977040	223
2021-08-10	0	517796	0	20999356	225
2021-08-11	0	518290	0	21026454	223
2021-08-12	0	518795	0	21042394	218
2021-08-13	0	519318	0	21064710	211
2021-08-14	0	519833	0	21083838	209
2021-08-15	0	520366	0	21102966	209
2021-08-16	0	520932	0	21120500	210
2021-08-17	0	521483	0	21141222	213
2021-08-18	0	522016	0	21171508	224
2021-08-19	0	522546	0	21192230	223
2021-08-20	0	523065	0	21216140	225
2021-08-21	0	523549	0	21236862	223
2021-08-22	0	524055	0	21254396	227
2021-08-23	0	524593	0	21283088	239
2021-08-24	0	525114	0	21303810	235
2021-08-25	0	525620	0	21326126	232
2021-08-26	0	526124	0	21351630	228
2021-08-27	0	526630	0	21372352	232
2021-08-28	0	527115	0	21393074	233
2021-08-29	0	527609	0	21405826	227
2021-08-30	0	528137	0	21423360	228
2021-08-31	0	528641	0	21437706	220
2021-09-01	0	529137	0	21458428	214
2021-09-02	0	529632	0	21487120	216
2021-09-03	0	530139	0	21512624	221
2021-09-04	0	530626	0	21530158	219
2021-09-05	0	531111	0	21550880	222
2021-09-06	0	531615	0	21573196	229
2021-09-07	0	532128	0	21597106	231
2021-09-08	0	532645	0	21616234	229
2021-09-09	0	533143	0	21638550	225
2021-09-10	0	533634	0	21662460	223
2021-09-11	0	534118	0	21672024	216
2021-09-12	0	534612	0	21678400	207
2021-09-13	0	535126	0	21684776	207
2021-09-14	0	535626	0	21708686	211
2021-09-15	0	536100	0	21734190	211
2021-09-16	0	536566	0	21743754	208
2021-09-17	0	537022	0	21756506	204
2021-09-18	0	537454	0	21767664	200
2021-09-19	0	537880	0	21785198	205
2021-09-20	0	538322	0	21796356	208
2021-09-21	0	538741	0	21817078	207
2021-09-22	0	539137	0	21826642	193
2021-09-23	0	539527	0	21844176	194
2021-09-24	0	539905	0	21855334	189
2021-09-25	0	540261	0	21868086	183
2021-09-26	0	540624	0	21877650	179
2021-09-27	0	541017	0	21882432	171
2021-09-28	0	541408	0	21891996	162
2021-09-29	0	541791	0	21903154	155
2021-09-30	0	542185	0	21912718	147
2021-10-01	0	542589	0	21925470	146
2021-10-02	0	542971	0	21938222	141
2021-10-03	0	543364	0	21950974	143
2021-10-04	4078096	543800	7990	21971696	150
2021-10-05	8517340	544244	9588	21981260	139
2021-10-06	12745648	544700	23970	22001982	141
2021-10-07	16858900	545148	33558	22011546	136
2021-10-08	21317320	545606	46342	22029080	138
2021-10-09	26055390	546061	60724	22049802	145
2021-10-10	31001200	546536	73508	22065742	148
2021-10-11	37172676	547053	91086	22084870	154
2021-10-12	43385700	547600	108664	22096028	150
2021-10-13	49488462	548167	135830	22115156	155
2021-10-14	55687104	548748	170986	22131096	155
2021-10-15	62251688	549350	201348	22148630	149
2021-10-16	68843438	549948	218926	22164570	146
2021-10-17	75759582	550576	241298	22193262	157
2021-10-18	84781890	551264	274856	22215578	166
2021-10-19	94366694	551975	300424	22244270	169
2021-10-20	104490024	552721	340374	22276150	180
2021-10-21	113938998	553497	373932	22296872	184
2021-10-22	123733140	554288	410686	22336722	203
2021-10-23	133519292	555083	439450	22347880	199
2021-10-24	143559526	555907	468214	22378166	204
2021-10-25	155820980	556812	522546	22402076	213
2021-10-26	168302958	557740	560898	22437144	214
2021-10-27	181885958	558730	608838	22470618	223
2021-10-28	194594852	559776	669562	22505686	227
2021-10-29	208091560	560903	712708	22550318	242
2021-10-30	221687344	562048	765442	22569446	229
2021-10-31	235820056	563250	819774	22607702	239
2021-11-01	253445996	564591	880498	22644364	253
2021-11-02	271465044	565980	931634	22698560	268
2021-11-03	290009834	567359	971584	22746380	280
2021-11-04	308073626	568758	1037102	22787824	286
2021-11-05	327407828	570214	1099424	22830862	298
2021-11-06	347596960	571627	1158550	22885058	312
2021-11-07	369040522	573112	1220872	22940848	332
2021-11-08	394133916	574766	1289586	22971134	334
2021-11-09	419214526	576430	1356702	23025330	340
2021-11-10	445803648	578105	1417426	23082714	352
2021-11-11	472087552	579828	1506914	23138504	366
2021-11-12	501447606	581593	1599598	23208640	384
2021-11-13	531250306	583351	1669910	23250084	384
2021-11-14	562443266	585193	1770584	23304280	399
2021-11-15	598409452	587214	1874454	23363258	410
2021-11-16	634171094	589273	1960746	23444552	432
2021-11-17	670332236	591327	2058224	23503530	437
2021-11-18	706838546	593387	2163692	23583230	456
2021-11-19	744218962	595542	2296326	23645396	472
2021-11-20	778933914	597630	2387412	23710750	480
2021-11-21	812706046	599789	2484890	23785668	501
2021-11-22	850017748	602145	2639896	23879714	524
2021-11-23	886017492	604534	2753354	23953038	537
2021-11-24	920940184	606906	2836450	24031144	553
2021-11-25	953775888	609312	2932330	24118814	577
2021-11-26	987530442	611766	3045788	24203296	573
2021-11-27	1019733338	614077	3119296	24297342	595
2021-11-28	1052112014	616443	3211980	24381824	605
2021-11-29	1087434206	619004	3314252	24469494	626
2021-11-30	1121850332	621553	3429308	24553976	644
2021-12-01	1154360044	624051	3518796	24659180	646
2021-12-02	1186026012	626502	3616274	24730910	640
2021-12-03	1217401144	628906	3702566	24796264	636
2021-12-04	1247408388	631170	3764888	24861618	623
2021-12-05	1275739330	633432	3836798	24941318	635
2021-12-06	1305295938	635835	3923090	25019424	651
2021-12-07	1334138240	638231	3988608	25103906	662
2021-12-08	1362061692	640629	4054126	25197952	668
2021-12-09	1387661652	642982	4110056	25287216	677
2021-12-10	1412162188	645327	4173976	25362134	678
2021-12-11	1434507022	647526	4212328	25398796	653
2021-12-12	1455595828	649725	4263464	25472120	665
2021-12-13	1479126378	652000	4313002	25548632	665
2021-12-14	1502621772	654200	4370530	25601234	650
2021-12-15	1524297044	656293	4408882	25663400	653
2021-12-16	1544145802	658296	4445636	25725566	651
2021-12-17	1564315758	660221	4477596	25798890	659
2021-12-18	1584036676	661985	4499968	25840334	638
2021-12-19	1602455224	663740	4522340	25889748	630
2021-12-20	1623110972	665616	4547908	25950320	630
2021-12-21	1643680428	667430	4575074	26001328	622
2021-12-22	1662925142	669155	4594250	26030020	598
2021-12-23	1681926960	670806	4616622	26068276	578
2021-12-24	1702306254	672415	4629406	26109720	565
2021-12-25	1720378036	673856	4640592	26154352	546
2021-12-26	1738932414	675286	4650180	26202172	547
2021-12-27	1762761790	676837	4677346	26262744	559
2021-12-28	1787492438	678391	4696522	26307376	545
2021-12-29	1811994572	679887	4715698	26337662	527
2021-12-30	1836805120	681327	4720492	26375918	509
2021-12-31	1865684176	682691	4733276	26401422	493
2022-01-01	1891193050	683940	4744462	26434896	481
2022-01-02	1921695674	685214	4752452	26473152	483
2022-01-03	1964256806	686598	4758844	26524160	496
2022-01-04	2010590816	687968	4768432	26548070	471
2022-01-05	2059096508	689287	4781216	26571980	461
2022-01-06	2105520006	690576	4794000	26607048	447
2022-01-07	2153325774	691892	4797196	26630958	429
2022-01-08	2199017388	693100	4809980	26664432	422
2022-01-09	2245205980	694329	4822764	26704282	417
2022-01-10	2293913020	695653	4841940	26744132	421
2022-01-11	2350691558	696919	4848332	26764854	403
2022-01-12	2405183358	698116	4854724	26782388	385
2022-01-13	2463221120	699281	4867508	26803110	369
2022-01-14	2520728346	700437	4878694	26823832	349
2022-01-15	2583259684	701532	4888282	26846148	331
2022-01-16	2645359562	702626	4896272	26862088	320
2022-01-17	2721360442	703812	4912252	26876434	325
2022-01-18	2812211537	704956	4923438	26887592	311
2022-01-19	2913531129	706125	4934624	26913096	307
2022-01-20	3014438436	707309	4950604	26932224	296
2022-01-21	3123161562	708516	4964986	26946570	288
2022-01-22	3227689938	709683	4968182	26954540	273
2022-01-23	3332569874	710900	4971378	26968886	265
2022-01-24	3447825624	712217	4982564	26988014	263
2022-01-25	3576296834	713531	4998544	27008736	260
2022-01-26	3707789862	714871	5006534	27023082	253
2022-01-27	3849999078	716225	5030504	27058150	250
2022-01-28	3990079758	717600	5056072	27074090	240
2022-01-29	4128327532	718944	5072052	27086842	221
2022-01-30	4262257510	720334	5084836	27104376	213
2022-01-31	4400120166	721880	5115198	27136256	224
2022-02-01	4545354396	723495	5135972	27160166	218
2022-02-02	4698748014	725130	5151952	27185670	220
2022-02-03	4853699682	726748	5183912	27220738	227
2022-02-04	5003432282	728403	5206284	27244648	227
2022-02-05	5137907178	729931	5231852	27262182	215
2022-02-06	5260679920	731518	5255822	27306814	225
2022-02-07	5385910386	733243	5289380	27335506	229
2022-02-08	5519303436	734977	5311752	27367386	227
2022-02-09	5655197356	736701	5326134	27386514	215
2022-02-10	5781995460	738410	5351702	27407236	210
2022-02-11	5896244470	740133	5370878	27429552	197
2022-02-12	5990365072	741763	5385260	27451868	183
2022-02-13	6081345604	743386	5398044	27470996	187
2022-02-14	6167592860	745185	5418818	27490124	191
2022-02-15	6264708114	747018	5434798	27515628	193
2022-02-16	6352241760	748832	5447582	27541132	186
2022-02-17	6430313649	750619	5465160	27566636	184
2022-02-18	6486365097	752426	5484336	27592140	183
2022-02-19	6538215403	754141	5497120	27620832	188
2022-02-20	6593645228	755854	5513100	27641554	177
2022-02-21	6646678054	757671	5530678	27670246	183
2022-02-22	6711381074	759485	5545060	27690968	184
2022-02-23	6772347970	761236	5561040	27710096	178
2022-02-24	6830334596	762927	5578618	27734006	179
2022-02-25	6883829244	764601	5586608	27757916	178
2022-02-26	6928175342	766159	5599392	27781826	179
2022-02-27	6975675892	767706	5608980	27797766	181
2022-02-28	7036139418	769401	5621764	27813706	179
2022-03-01	7116825635	771126	5639342	27842398	180
2022-03-02	7208081025	772896	5648930	27861526	174
2022-03-03	7315816586	774677	5666508	27879060	169
2022-03-04	7424670748	776464	5690478	27899782	166
2022-03-05	7532948032	778159	5703262	27918910	164
2022-03-06	7637086497	779947	5719242	27936444	165
2022-03-07	7748949694	781939	5743212	27960354	173
2022-03-08	7865207389	783982	5767182	27989046	178
2022-03-09	7981707980	786017	5787956	28014550	179
2022-03-10	8093683036	788103	5805534	28035272	169
2022-03-11	8191495019	790209	5829504	28068746	176
2022-03-12	8279544819	792223	5856670	28084686	169
2022-03-13	8354972016	794346	5879042	28100626	157
2022-03-14	8434867221	796650	5911002	28137289	169
2022-03-15	8526507726	798971	5936570	28177138	176
2022-03-16	8611973560	801333	5958942	28201048	168
2022-03-17	8690913161	803674	5981314	28229740	164
2022-03-18	8757477851	805958	6000490	28258432	160
2022-03-19	8815552367	808099	6022862	28279154	155
2022-03-20	8865112740	810281	6035646	28304658	154
2022-03-21	8929259655	812685	6064410	28342914	166
2022-03-22	8995266643	815063	6085184	28374794	166
2022-03-23	9055917135	817402	6105958	28408268	169
2022-03-24	9111628210	819679	6113948	28443336	166
2022-03-25	9156220400	821951	6128330	28460870	155
2022-03-26	9194184085	824041	6149104	28484780	147
2022-03-27	9227117268	826137	6165084	28505502	147
2022-03-28	9272420567	828421	6187456	28531006	152
2022-03-29	9315024846	830664	6200240	28561292	146
2022-03-30	9353787532	832870	6208230	28582014	146
2022-03-31	9387733845	834943	6221014	28605924	143
2022-04-01	9414086463	836953	6238592	28625052	136
2022-04-02	9432957245	838805	6252974	28633022	123
2022-04-03	9449763411	840658	6259366	28644180	115
2022-04-04	9472055511	842638	6275346	28656932	111
2022-04-05	9492104019	844557	6288130	28679248	114
2022-04-06	9512270779	846392	6299316	28701564	115
2022-04-07	9528645485	848176	6308904	28727068	121
2022-04-08	9543684263	849909	6315296	28738226	113
2022-04-09	9554486743	851495	6323286	28750978	99
2022-04-10	9563996441	853083	6332874	28763730	98
2022-04-11	9573606813	854717	6342462	28776482	101
2022-04-12	9581425827	856272	6348854	28801986	107
2022-04-13	9588604043	857755	6355246	28817926	109
2022-04-14	9594911350	859201	6361638	28835460	110
2022-04-15	9600355736	860552	6372824	28846618	108
2022-04-16	9604537701	861802	6382412	28851400	93
2022-04-17	9607928657	863033	6384010	28864152	94
2022-04-18	9611928452	864282	6392000	28873716	96
2022-04-19	9617238606	865574	6403186	28894438	101
2022-04-20	9621259174	866826	6406382	28900814	94
2022-04-21	9625000091	868018	6406382	28915160	88
2022-04-22	9628047477	869158	6409578	28924724	84
2022-04-23	9630359783	870215	6411176	28931100	81
2022-04-24	9632555435	871285	6415970	28942258	80
2022-04-25	9635311985	872399	6417568	28951822	81
2022-04-26	9638052555	873478	6422362	28956604	75
2022-04-27	9639920617	874465	6423960	28970950	74
2022-04-28	9642319216	875465	6428754	28977326	71
2022-04-29	9645013443	876415	6431950	28978920	65
2022-04-30	9647205899	877277	6436744	28988484	66
2022-05-01	9649289691	878150	6438342	28998048	66
2022-05-02	9652138925	879066	6444734	29002830	66
2022-05-03	9654889083	879964	6446332	29007612	63
2022-05-04	9657276495	880822	6452724	29020364	55
2022-05-05	9659470549	881628	6457518	29021958	50
2022-05-06	9661803629	882429	6462312	29026740	47
2022-05-07	9663772365	883176	6465508	29031522	48
2022-05-08	9665526969	883937	6468704	29036304	49
2022-05-09	9667965517	884722	6471900	29041086	48
2022-05-10	9670122817	885504	6473498	29050650	47
2022-05-11	9672160267	886242	6473498	29055432	46
2022-05-12	9674074671	886965	6475096	29057026	46
2022-05-13	9675878813	887658	6478292	29060214	41
2022-05-14	9677261083	888307	6484684	29063402	36
2022-05-15	9678716861	888963	6484684	29066590	34
2022-05-16	9680856583	889669	6489478	29076154	40
2022-05-17	9682814133	890366	6491076	29079342	36
2022-05-18	9684835603	891050	6492674	29085718	36
2022-05-19	9686366487	891716	6495870	29088906	32
2022-05-20	9688009231	892352	6495870	29090500	29
2022-05-21	9689340365	892950	6495870	29092094	28
2022-05-22	9690665107	893547	6495870	29096876	30
2022-05-23	9692427701	894182	6497468	29103252	33
2022-05-24	9693958585	894803	6502262	29108034	32
2022-05-25	9695604525	895399	6505458	29109628	28
2022-05-26	9697034735	895971	6505458	29112816	27
2022-05-27	9698680675	896557	6505458	29117598	28
2022-05-28	9700261097	897107	6507056	29117598	27
2022-05-29	9701851107	897657	6507056	29119192	27
2022-05-30	9704043563	898247	6507056	29120786	28
2022-05-31	9706186481	898836	6507056	29125568	29
2022-06-01	9708572295	899417	6507056	29133538	32
2022-06-02	9710838259	900008	6507056	29135132	28
2022-06-03	9713291189	900613	6510252	29136726	26
2022-06-04	9715482047	901200	6511850	29143102	26
2022-06-05	9717477949	901797	6511850	29147884	26
2022-06-06	9719839793	902420	6515046	29152666	26
2022-06-07	9723011823	903085	6515046	29154260	26
2022-06-08	9726658459	903744	6518242	29159042	25
2022-06-09	9730148491	904414	6521438	29170200	31
2022-06-10	9734113129	905116	6527830	29181358	36
2022-06-11	9737286757	905808	6531026	29184546	34
2022-06-12	9740484355	906512	6534222	29184546	31
2022-06-13	9745495683	907267	6535820	29192516	35
2022-06-14	9750948059	908032	6537418	29200486	40
2022-06-15	9757346451	908812	6542212	29206862	39
2022-06-16	9763382097	909598	6548604	29216426	39
2022-06-17	9769627081	910412	6553398	29222802	33
2022-06-18	9775320755	911203	6558192	29227584	32
2022-06-19	9780130735	912047	6561388	29230772	31
2022-06-20	9788075991	912950	6564584	29237148	32
2022-06-21	9795735205	913864	6572574	29249900	35
2022-06-22	9804116715	914781	6575770	29257870	37
2022-06-23	9812185017	915712	6578966	29269028	40
2022-06-24	9820393943	916686	6591750	29275404	39
2022-06-25	9827445917	917654	6594946	29284968	41
2022-06-26	9833564659	918666	6601338	29291344	44
2022-06-27	9842828265	919785	6606132	29299314	47
2022-06-28	9852387501	920902	6610926	29304096	46
2022-06-29	9862763315	922010	6617318	29312066	48
2022-06-30	9872397657	923146	6620514	29326412	49
2022-07-01	9881388005	924300	6630102	29331194	46
2022-07-02	9888793137	925420	6633298	29339164	43
2022-07-03	9895229881	926600	6634896	29342352	38
2022-07-04	9905765495	927865	6646082	29358292	44
2022-07-05	9916133319	929149	6649278	29367856	44
2022-07-06	9927498295	930417	6660464	29380608	47
2022-07-07	9938101025	931693	6671650	29388578	44
2022-07-08	9948162033	932964	6673248	29401330	42
2022-07-09	9956655403	934200	6676444	29414082	44
2022-07-10	9963669025	935498	6682836	29425240	49
2022-07-11	9975524587	936919	6694022	29437992	55
2022-07-12	9986258353	938352	6700414	29457120	62
2022-07-13	9996870671	939766	6710002	29465090	58
2022-07-14	10007104263	941202	6721188	29473060	57
2022-07-15	10016169717	942609	6730776	29476248	53
2022-07-16	10023049107	943960	6741962	29484218	52
2022-07-17	10028440759	945333	6745158	29498564	60
2022-07-18	10036330085	946809	6753148	29508127	61
2022-07-19	10043503507	948289	6761138	29516097	52
2022-07-20	10050315781	949786	6765932	29525662	48
2022-07-21	10057462037	951278	6772324	29535226	45
2022-07-22	10063786921	952747	6783510	29549572	49
2022-07-23	10069071507	954130	6794696	29552760	46
2022-07-24	10073555495	955512	6802686	29571888	53
2022-07-25	10080743299	957030	6805882	29578264	53
2022-07-26	10086983489	958495	6812274	29583046	54
2022-07-27	10092426277	959910	6818666	29595798	55
2022-07-28	10097167543	961260	6826656	29600580	48
2022-07-29	10101878446	962574	6834646	29613332	50
2022-07-30	10105897416	963807	6839440	29624490	51
2022-07-31	10109508896	965048	6847430	29634054	52
2022-08-01	10114609712	966355	6858616	29645212	54
2022-08-02	10118833226	967621	6865008	29649994	52
2022-08-03	10122444706	968856	6872998	29657964	48
2022-08-04	10126000256	970064	6876194	29667528	46
2022-08-05	10129196256	971203	6877792	29675498	48
2022-08-06	10132080646	972280	6879390	29683468	50
2022-08-07	10134257122	973356	6885782	29689844	49
2022-08-08	10137628902	974479	6888978	29693032	50
2022-08-09	10140745002	975551	6892174	29702596	48
2022-08-10	10143531914	976586	6898566	29710566	46
2022-08-11	10146371560	977594	6901762	29716942	46
2022-08-12	10148870832	978588	6904958	29729694	45
2022-08-13	10151215098	979531	6912948	29739258	42
2022-08-14	10153076768	980486	6914546	29742446	41
2022-08-15	10155842906	981501	6924134	29755198	46
2022-08-16	10158043352	982487	6925732	29758386	44
2022-08-17	10160036058	983464	6933722	29766356	44
2022-08-18	10162046342	984426	6938516	29774326	45
2022-08-19	10164037450	985338	6943310	29780702	44
2022-08-20	10165894326	986200	6944908	29785484	40
2022-08-21	10167322938	987077	6946506	29793454	39
2022-08-22	10169333222	987984	6952898	29801424	42
2022-08-23	10171196490	988873	6954496	29806206	37
2022-08-24	10172708198	989734	6954496	29809394	34
2022-08-25	10174277434	990572	6956094	29815770	38
2022-08-26	10176065596	991406	6956094	29817364	33
2022-08-27	10177532560	992186	6956094	29825334	34
2022-08-28	10178625592	992969	6959290	29830116	34
2022-08-29	10180030234	993782	6964084	29839680	37
2022-08-30	10181364564	994585	6965682	29844462	34
2022-08-31	10183184686	995367	6967280	29849244	32
2022-09-01	10185051150	996145	6968878	29854026	31
2022-09-02	10186909624	996918	6973672	29855620	30
2022-09-03	10188482056	997668	6978466	29863590	31
2022-09-04	10189909070	998444	6983260	29866778	31
2022-09-05	10192227767	999258	6984858	29871560	29
2022-09-06	10194546464	1000048	6986456	29876342	26
2022-09-07	10196617472	1000843	6991250	29882718	28
2022-09-08	10198428006	1001622	6994446	29887500	27
2022-09-09	10200371174	1002410	6996044	29889094	27
2022-09-10	10201870098	1003198	6996044	29895470	26
2022-09-11	10203116538	1004000	7000838	29903440	31
2022-09-12	10205475186	1004851	7007230	29906628	30
2022-09-13	10207795481	1005706	7010426	29911410	32
2022-09-14	10210109385	1006530	7012024	29920974	35
2022-09-15	10212305037	1007344	7018416	29922568	31
2022-09-16	10214264185	1008142	7020014	29927350	31
2022-09-17	10215835019	1008948	7023210	29933726	29
2022-09-18	10217193319	1009755	7026406	29941696	32
2022-09-19	10219806049	1010610	7029602	29951260	37
2022-09-20	10222695233	1011490	7034396	29952854	34
2022-09-21	10225514105	1012372	7039190	29962418	32
2022-09-22	10228456023	1013278	7040788	29968794	34
2022-09-23	10231260513	1014229	7045582	29973576	34
2022-09-24	10233775763	1015159	7048778	29978358	34
2022-09-25	10235981003	1016151	7053572	29994298	41
2022-09-26	10240095853	1017234	7061562	30007050	45
2022-09-27	10244178743	1018363	7066356	30018208	49
2022-09-28	10248880058	1019534	7079140	30024584	44
2022-09-29	10253835455	1020734	7090326	30038930	45
2022-09-30	10258322639	1021968	7104708	30042118	43
2022-10-01	10261972470	1023198	7114296	30051682	42
2022-10-02	10265184450	1024470	7122286	30070810	52
2022-10-03	10271319172	1025854	7133472	30078780	53
2022-10-04	10277102334	1027261	7151050	30086750	49
2022-10-05	10283833109	1028678	7163834	30104284	52
2022-10-06	10289838393	1030099	7167030	30115442	53
2022-10-07	10295779756	1031559	7183010	30132976	59
2022-10-08	10300016055	1032997	7189402	30139352	52
2022-10-09	10303538047	1034475	7198990	30145728	53
2022-10-10	10309733493	1036062	7205382	30160074	56
2022-10-11	10315542223	1037648	7214970	30176014	57
2022-10-12	10321389305	1039219	7222960	30187172	54
2022-10-13	10327009471	1040784	7237342	30193548	48
2022-10-14	10332319625	1042319	7243734	30207894	47
2022-10-15	10336340193	1043798	7259714	30220646	50
2022-10-16	10339727953	1045303	7274096	30236586	57
2022-10-17	10345501527	1046929	7278890	30254120	63
2022-10-18	10350626313	1048542	7285282	30271654	63
2022-10-19	10354602137	1050113	7293272	30284406	62
2022-10-20	10359416911	1051662	7301262	30295564	62
2022-10-21	10363477429	1053178	7307654	30305128	55
2022-10-22	10366360221	1054625	7310850	30311504	51
2022-10-23	10368894649	1056093	7317242	30325850	55
2022-10-24	10372864081	1057639	7320438	30341790	62
2022-10-25	10376333339	1059125	7331624	30357730	59
2022-10-26	10379510163	1060543	7338016	30372076	59
2022-10-27	10382461669	1061930	7342810	30380046	55
2022-10-28	10385018469	1063272	7346006	30389610	49
2022-10-29	10387031949	1064533	7349202	30399174	46
2022-10-30	10388871247	1065815	7352398	30416708	51
2022-10-31	10391801979	1067168	7358790	30431054	58
2022-11-01	10394154235	1068486	7363584	30435836	52
2022-11-02	10396092609	1069779	7371574	30442212	48
2022-11-03	10397941495	1071033	7377966	30451776	45
2022-11-04	10399641767	1072239	7377966	30458152	45
2022-11-05	10400824287	1073357	7377966	30469310	43
2022-11-06	10401918917	1074492	7381162	30475686	40
2022-11-07	10403763009	1075668	7384358	30478874	37
2022-11-08	10405539985	1076803	7393946	30490032	44
2022-11-09	10407080457	1077893	7397142	30493220	40
2022-11-10	10408526647	1078957	7397142	30501190	44
2022-11-11	10409817831	1079986	7405132	30507566	45
2022-11-12	10410814983	1080965	7406730	30512348	42
2022-11-13	10411639551	1081944	7409926	30517130	40
2022-11-14	10413196003	1082961	7409926	30518724	42
2022-11-15	10414605439	1083968	7414720	30523506	39
2022-11-16	10416081991	1084980	7421112	30528288	36
2022-11-17	10417451477	1085994	7424308	30533070	32
2022-11-18	10418707505	1086994	7424308	30536258	33
2022-11-19	10419575219	1087946	7427504	30541040	33
2022-11-20	10420410973	1088891	7429102	30547416	37
2022-11-21	10421801233	1089888	7432298	30556980	43
2022-11-22	10423082829	1090883	7432298	30564950	42
2022-11-23	10424370817	1091871	7435494	30569732	38
2022-11-24	10425652413	1092843	7437092	30579296	38
2022-11-25	10426906843	1093806	7441886	30595236	43
2022-11-26	10427761773	1094730	7441886	30601612	40
2022-11-27	10428656653	1095676	7443484	30601612	34
2022-11-28	10430147587	1096672	7448278	30607988	34
2022-11-29	10431580993	1097683	7453072	30617552	37
2022-11-30	10432972851	1098703	7457866	30625522	38
2022-12-01	10434428629	1099727	7461062	30631898	39
2022-12-02	10435668677	1100743	7461062	30638274	37
2022-12-03	10436577939	1101725	7464258	30641462	37
2022-12-04	10437448849	1102725	7464258	30649432	37
2022-12-05	10438990919	1103784	7473846	30662184	44
2022-12-06	10440499431	1104864	7475444	30671748	48
2022-12-07	10442046295	1105937	7477042	30678124	42
2022-12-08	10443597953	1107041	7477042	30684500	40
2022-12-09	10444853981	1108170	7480238	30694064	41
2022-12-10	10445774429	1109274	7486630	30697252	38
2022-12-11	10446651731	1110401	7489826	30700440	38
2022-12-12	10448339219	1111585	7494620	30713192	43
2022-12-13	10449882887	1112780	7499414	30724350	40
2022-12-14	10451496867	1113988	7501012	30737102	41
2022-12-15	10452946253	1115215	7507404	30741884	36
2022-12-16	10454227849	1116454	7512198	30754636	37
2022-12-17	10455338459	1117656	7518590	30757824	36
2022-12-18	10456393139	1118890	7520188	30773764	44
2022-12-19	10457922425	1120213	7523384	30781734	48
2022-12-20	10460142047	1121558	7526580	30794486	45
2022-12-21	10461992531	1122918	7534570	30819990	54
2022-12-22	10463978845	1124276	7537766	30831148	56
2022-12-23	10465773399	1125666	7539364	30840712	56
2022-12-24	10467086955	1126997	7540962	30855058	52
2022-12-25	10467967453	1128327	7547354	30866216	53
2022-12-26	10469047701	1129721	7547354	30880562	57
2022-12-27	10470708023	1131211	7550550	30896502	61
2022-12-28	10472278857	1132714	7550550	30920412	68
2022-12-29	10473745821	1134194	7550550	30928382	66
2022-12-30	10475214383	1135658	7550550	30944322	63
2022-12-31	10476185967	1137046	7550550	30953886	60
2023-01-01	10476866715	1138186	7550550	30966638	54
2023-01-02	10478367237	1139415	7550550	30979390	58
2023-01-03	10479647235	1140647	7550550	30988954	58
2023-01-04	10480775423	1141834	7550550	31003300	58
2023-01-05	10481876445	1142989	7550550	31024022	62
2023-01-06	10482766531	1144083	7550550	31044744	67
2023-01-07	10483364183	1145102	7550550	31047932	53
2023-01-08	10483880337	1146153	7550550	31060684	57
2023-01-09	10484834343	1147268	7550550	31067060	54
2023-01-10	10485540659	1148345	7550550	31075030	48
2023-01-11	10486178261	1149354	7550550	31081406	48
2023-01-12	10486756737	1150337	7550550	31090970	45
2023-01-13	10487063553	1151259	7550550	31102128	48
2023-01-14	10487483827	1152115	7550550	31108504	47
2023-01-15	10487769869	1152974	7550550	31110098	41
2023-01-16	10488335561	1153879	7550550	31118068	43
2023-01-17	10488797382	1154752	7550550	31129226	45
2023-01-18	10489251214	1155599	7550550	31134008	40
2023-01-19	10489751388	1156422	7550550	31137196	37
2023-01-20	10490082174	1157208	7550550	31143572	34
2023-01-21	10490339452	1157940	7550550	31143572	29
2023-01-22	10490572760	1158684	7550550	31145166	26
2023-01-23	10491066542	1159469	7550550	31156324	32
2023-01-24	10491505992	1160203	7550550	31161106	31
2023-01-25	10491986990	1160894	7550550	31165888	24
2023-01-26	10492442420	1161587	7550550	31169076	19
2023-01-27	10492955378	1162271	7550550	31173858	19
2023-01-28	10493262194	1162901	7550550	31177046	20
2023-01-29	10493594578	1163543	7550550	31183422	20
2023-01-30	10494286512	1164242	7550550	31188204	22
2023-01-31	10494909731	1164927	7550550	31196174	21
2023-02-01	10495478619	1165621	7550550	31197768	21
2023-02-02	10496052301	1166304	7550550	31205738	20
2023-02-03	10496699491	1166978	7550550	31212114	20
2023-02-04	10497108579	1167634	7550550	31215302	19
2023-02-05	10497516067	1168313	7550550	31218490	18
2023-02-06	10498348624	1169045	7550550	31228054	21
2023-02-07	10499037362	1169773	7550550	31234430	19
2023-02-08	10499742080	1170492	7550550	31245588	25
2023-02-09	10500400455	1171233	7550550	31251964	27
2023-02-10	10501101976	1171984	7550550	31255152	22
2023-02-11	10501555808	1172723	7550550	31258340	20
2023-02-12	10502070364	1173485	7550550	31258340	18
2023-02-13	10503083492	1174320	7550550	31263122	16
2023-02-14	10503991149	1175150	7550550	31266310	18
2023-02-15	10505018663	1175981	7550550	31280656	24
2023-02-16	10506030197	1176824	7550550	31287032	27
2023-02-17	10506925076	1177686	7550550	31288626	25
2023-02-18	10507615412	1178533	7550550	31291814	24
2023-02-19	10508380854	1179418	7550550	31306160	29
2023-02-20	10509483471	1180403	7550550	31317318	36
2023-02-21	10510611658	1181386	7550550	31330070	38
2023-02-22	10511926812	1182390	7550550	31344416	37
2023-02-23	10513313875	1183418	7550550	31350792	36
2023-02-24	10514490001	1184463	7550550	31358762	31
2023-02-25	10515221885	1185505	7550550	31368326	34
2023-02-26	10515774791	1186593	7550550	31381078	35
2023-02-27	10517160255	1187805	7550550	31404988	46
2023-02-28	10518195755	1189056	7550550	31424116	56
2023-03-01	10519101821	1190302	7550550	31448026	55
2023-03-02	10520041444	1191565	7550550	31460778	55
2023-03-03	10521089728	1192847	7550550	31476718	57
2023-03-04	10521709752	1194103	7550550	31479906	50
2023-03-05	10522409672	1195380	7550550	31494252	52
2023-03-06	10523646521	1196804	7550550	31511786	59
2023-03-07	10524768314	1198219	7550550	31537289	69
2023-03-08	10525717523	1199624	7550550	31542071	57
2023-03-09	10526748230	1200989	7550550	31551634	54
2023-03-10	10527639902	1202354	7550550	31573950	57
2023-03-11	10528074549	1203637	7550550	31586703	58
2023-03-12	10528577906	1204961	7550550	31602643	59
2023-03-13	10529458356	1206401	7550550	31616989	62
2023-03-14	10530307167	1207813	7550550	31626554	62
2023-03-15	10530931914	1209217	7550550	31632928	57
2023-03-16	10531562951	1210589	7550550	31650460	63
2023-03-17	10532295989	1211935	7550550	31653647	54
2023-03-18	10532640941	1213219	7550550	31640166	47
2023-03-19	10533068937	1214539	7550550	31651317	47
2023-03-20	10533656633	1215944	7550550	31672026	56
2023-03-21	10534130938	1217294	7550550	31691142	62
2023-03-22	10534606844	1218617	7550550	31694328	56
2023-03-23	10535006094	1219896	7550550	31707072	55
2023-03-24	10535443668	1221123	7550550	31711851	50
2023-03-25	10535727926	1222277	7550550	31718223	45
2023-03-26	10536002602	1223450	7550550	31723002	41
2023-03-27	10536428973	1224688	7550550	31726188	48
2023-03-28	10536823400	1225866	7550550	31726188	58
2023-03-29	10537118769	1227004	7550550	0	53
2023-03-30	10537440971	1228106	7550550	0	50
2023-03-31	10537778739	1229189	7550550	0	49
2023-04-01	10537974678	1230192	7550550	0	47
2023-04-02	10538173803	1231204	7550550	0	48
2023-04-03	10538369742	1232262	7550550	0	51
2023-04-04	10538376114	1233272	7550550	0	42
2023-04-05	10538376114	1234258	7550550	0	36
2023-04-06	10538376114	1235218	7550550	0	40
2023-04-07	10538376114	1236168	7550550	0	38
2023-04-08	10538376114	1237051	7550550	0	38
2023-04-09	10538376114	1237923	7550550	0	37
2023-04-10	10538376114	1238805	7550550	0	38
2023-04-11	10538376114	1239742	7550550	0	36
2023-04-12	10538376114	1240658	7550550	0	36
2023-04-13	10538376114	1241530	7550550	0	35
2023-04-14	10538376114	1242348	7550550	0	34
2023-04-15	10538376114	1243108	7550550	0	32
2023-04-16	10538376114	1243862	7550550	0	32
2023-04-17	10538376114	1244656	7550550	0	33
2023-04-18	10538376114	1245439	7550550	0	33
2023-04-19	10538376114	1246195	7550550	0	27
2023-04-20	10538376114	1246949	7550550	0	27
2023-04-21	10538376114	1247670	7550550	0	26
2023-04-22	10538376114	1248364	7550550	0	25
2023-04-23	10538376114	1249059	7550550	0	30
2023-04-24	10538376114	1249788	7550550	0	30
2023-04-25	10538376114	1250501	7550550	0	30
2023-04-26	10538376114	1251181	7550550	0	29
2023-04-27	10538376114	1251806	7550550	0	28
2023-04-28	10538376114	1252449	7550550	0	29
2023-04-29	10538376114	1253059	7550550	0	29
2023-04-30	10538376114	1253682	7550550	0	28
2023-05-01	10538376114	1254335	7550550	0	30
2023-05-02	10538376114	1254957	7550550	0	29
2023-05-03	10538376114	1255565	7550550	0	27
2023-05-04	10538376114	1256138	7550550	0	30
2023-05-05	10538376114	1256693	7550550	0	31
2023-05-06	10538376114	1257240	7550550	0	31
2023-05-07	10538376114	1257792	7550550	0	28
2023-05-08	10538376114	1258359	7550550	0	28
2023-05-09	10538376114	1258905	7550550	0	26
2023-05-10	10538376114	1259433	7550550	0	22
2023-05-11	10538376114	1259929	7550550	0	21
2023-05-12	10538376114	1260403	7550550	0	21
2023-05-13	10538376114	1260835	7550550	0	24
2023-05-14	10538376114	1261270	7550550	0	25
2023-05-15	10538376114	1261726	7550550	0	25
2023-05-16	10538376114	1262186	7550550	0	23
2023-05-17	10538376114	1262626	7550550	0	22
2023-05-18	10538376114	1263044	7550550	0	20
2023-05-19	10538376114	1263467	7550550	0	19
2023-05-20	10538376114	1263862	7550550	0	19
2023-05-21	10538376114	1264252	7550550	0	17
2023-05-22	10538376114	1264664	7550550	0	16
2023-05-23	10538376114	1265058	7550550	0	15
2023-05-24	10538376114	1265453	7550550	0	16
2023-05-25	10538376114	1265841	7550550	0	15
2023-05-26	10538376114	1266211	7550550	0	14
2023-05-27	10538376114	1266569	7550550	0	13
2023-05-28	10538376114	1266929	7550550	0	12
2023-05-29	10538376114	1267303	7550550	0	14
2023-05-30	10538376114	1267688	7550550	0	15
2023-05-31	10538376114	1268071	7550550	0	15
2023-06-01	10538376114	1268445	7550550	0	13
2023-06-02	10538376114	1268819	7550550	0	13
2023-06-03	10538376114	1269180	7550550	0	12
2023-06-04	10538376114	1269549	7550550	0	13
2023-06-05	10538376114	1269937	7550550	0	15
2023-06-06	10538376114	1270312	7550550	0	13
2023-06-07	10538376114	1270663	7550550	0	15
2023-06-08	10538376114	1271007	7550550	0	15
2023-06-09	10538376114	1271351	7550550	0	15
2023-06-10	10538376114	1271685	7550550	0	13
2023-06-11	10538376114	1272010	7550550	0	11
2023-06-12	10538376114	1272342	7550550	0	12
2023-06-13	10538376114	1272668	7550550	0	12
2023-06-14	10538376114	1272992	7550550	0	13
2023-06-15	10538376114	1273308	7550550	0	11
2023-06-16	10538376114	1273626	7550550	0	10
2023-06-17	10538376114	1273938	7550550	0	12
2023-06-18	10538376114	1274254	7550550	0	13
2023-06-19	10538376114	1274567	7550550	0	15
2023-06-20	10538376114	1274884	7550550	0	13
2023-06-21	10538376114	1275198	7550550	0	11
2023-06-22	10538376114	1275505	7550550	0	11
2023-06-23	10538376114	1275808	7550550	0	10
2023-06-24	10538376114	1276102	7550550	0	10
2023-06-25	10538376114	1276397	7550550	0	10
2023-06-26	10538376114	1276693	7550550	0	10
2023-06-27	10538376114	1276988	7550550	0	9
2023-06-28	10538376114	1277284	7550550	0	10
2023-06-29	10538376114	1277581	7550550	0	10
2023-06-30	10538376114	1277880	7550550	0	7
2023-07-01	10538376114	1278172	7550550	0	7
2023-07-02	10538376114	1278460	7550550	0	7
2023-07-03	10538376114	1278755	7550550	0	7
2023-07-04	10538376114	1279050	7550550	0	5
2023-07-05	10538376114	1279340	7550550	0	5
2023-07-06	10538376114	1279633	7550550	0	6
2023-07-07	10538376114	1279922	7550550	0	6
2023-07-08	10538376114	1280209	7550550	0	6
2023-07-09	10538376114	1280502	7550550	0	5
2023-07-10	10538376114	1280796	7550550	0	5
2023-07-11	10538376114	1281089	7550550	0	5
2023-07-12	10538376114	1281390	7550550	0	5
2023-07-13	10538376114	1281689	7550550	0	5
2023-07-14	10538376114	1281983	7550550	0	5
2023-07-15	10538376114	1282269	7550550	0	7
2023-07-16	10538376114	1282559	7550550	0	8
2023-07-17	10538376114	1282851	7550550	0	9
2023-07-18	10538376114	1283144	7550550	0	8
2023-07-19	10538376114	1283441	7550550	0	8
2023-07-20	10538376114	1283733	7550550	0	6
2023-07-21	10538376114	1284020	7550550	0	6
2023-07-22	10538376114	1284303	7550550	0	6
2023-07-23	10538376114	1284588	7550550	0	5
2023-07-24	10538376114	1284875	7550550	0	4
2023-07-25	10538376114	1285164	7550550	0	3
2023-07-26	10538376114	1285451	7550550	0	3
2023-07-27	10538376114	1285742	7550550	0	3
2023-07-28	10538376114	1286034	7550550	0	4
2023-07-29	10538376114	1286322	7550550	0	5
2023-07-30	10538376114	1286615	7550550	0	6
2023-07-31	10538376114	1286919	7550550	0	5
2023-08-01	10538376114	1287229	7550550	0	4
2023-08-02	10538376114	1287538	7550550	0	5
2023-08-03	10538376114	1287846	7550550	0	4
2023-08-04	10538376114	1288152	7550550	0	4
2023-08-05	10538376114	1288455	7550550	0	3
2023-08-06	10538376114	1288767	7550550	0	4
2023-08-07	10538376114	1289083	7550550	0	4
2023-08-08	10538376114	1289406	7550550	0	5
2023-08-09	10538376114	1289723	7550550	0	4
2023-08-10	10538376114	1290036	7550550	0	4
2023-08-11	10538376114	1290346	7550550	0	4
2023-08-12	10538376114	1290650	7550550	0	4
2023-08-13	10538376114	1290960	7550550	0	3
2023-08-14	10538376114	1291280	7550550	0	3
2023-08-15	10538376114	1291606	7550550	0	5
2023-08-16	10538376114	1291924	7550550	0	7
2023-08-17	10538376114	1292243	7550550	0	7
2023-08-18	10538376114	1292555	7550550	0	5
2023-08-19	10538376114	1292862	7550550	0	6
2023-08-20	10538376114	1293179	7550550	0	6
2023-08-21	10538376114	1293515	7550550	0	6
2023-08-22	10538376114	1293846	7550550	0	6
2023-08-23	10538376114	1294184	7550550	0	7
2023-08-24	10538376114	1294522	7550550	0	7
2023-08-25	10538376114	1294859	7550550	0	7
2023-08-26	10538376114	1295191	7550550	0	8
2023-08-27	10538376114	1295527	7550550	0	10
2023-08-28	10538376114	1295878	7550550	0	14
2023-08-29	10538376114	1296217	7550550	0	14
2023-08-30	10538376114	1296557	7550550	0	10
2023-08-31	10538376114	1296907	7550550	0	11
2023-09-01	10538376114	1297263	7550550	0	8
2023-09-02	10538376114	1297624	7550550	0	7
2023-09-03	10538376114	1297990	7550550	0	8
2023-09-04	10538376114	1298379	7550550	0	8
2023-09-05	10538376114	1298791	7550550	0	9
2023-09-06	10538376114	1299217	7550550	0	9
2023-09-07	10538376114	1299644	7550550	0	9
2023-09-08	10538376114	1300069	7550550	0	9
2023-09-09	10538376114	1300478	7550550	0	9
2023-09-10	10538376114	1300902	7550550	0	9
2023-09-11	10538376114	1301353	7550550	0	14
2023-09-12	10538376114	1301803	7550550	0	16
2023-09-13	10538376114	1302256	7550550	0	18
2023-09-14	10538376114	1302721	7550550	0	17
2023-09-15	10538376114	1303188	7550550	0	15
2023-09-16	10538376114	1303630	7550550	0	13
2023-09-17	10538376114	1304080	7550550	0	13
2023-09-18	10538376114	1304550	7550550	0	15
2023-09-19	10538376114	1305018	7550550	0	17
2023-09-20	10538376114	1305483	7550550	0	16
2023-09-21	10538376114	1305956	7550550	0	18
2023-09-22	10538376114	1306431	7550550	0	15
2023-09-23	10538376114	1306891	7550550	0	13
2023-09-24	10538376114	1307349	7550550	0	13
2023-09-25	10538376114	1307822	7550550	0	13
2023-09-26	10538376114	1308283	7550550	0	15
2023-09-27	10538376114	1308749	7550550	0	14
2023-09-28	10538376114	1309224	7550550	0	16
2023-09-29	10538376114	1309697	7550550	0	14
2023-09-30	10538376114	1310171	7550550	0	14
2023-10-01	10538376114	1310651	7550550	0	14
2023-10-02	10538376114	1311169	7550550	0	20
2023-10-03	10538376114	1311680	7550550	0	20
2023-10-04	10538376114	1312195	7550550	0	18
2023-10-05	10538376114	1312717	7550550	0	18
2023-10-06	10538376114	1313241	7550550	0	18
2023-10-07	10538376114	1313770	7550550	0	12
2023-10-08	10538376114	1314315	7550550	0	16
2023-10-09	10538376114	1314889	7550550	0	15
2023-10-10	10538376114	1315458	7550550	0	16
2023-10-11	10538376114	1316002	7550550	0	18
2023-10-12	10538376114	1316547	7550550	0	16
2023-10-13	10538376114	1317091	7550550	0	14
2023-10-14	10538376114	1317626	7550550	0	14
2023-10-15	10538376114	1318185	7550550	0	17
2023-10-16	10538376114	1318776	7550550	0	19
2023-10-17	10538376114	1319353	7550550	0	21
2023-10-18	10538376114	1319945	7550550	0	20
2023-10-19	10538376114	1320560	7550550	0	17
2023-10-20	10538376114	1321186	7550550	0	19
2023-10-21	10538376114	1321804	7550550	0	18
2023-10-22	10538376114	1322453	7550550	0	17
2023-10-23	10538376114	1323145	7550550	0	21
2023-10-24	10538376114	1323839	7550550	0	23
2023-10-25	10538376114	1324540	7550550	0	21
2023-10-26	10538376114	1325248	7550550	0	23
2023-10-27	10538376114	1325973	7550550	0	24
2023-10-28	10538376114	1326682	7550550	0	24
2023-10-29	10538376114	1327412	7550550	0	26
2023-10-30	10538376114	1328211	7550550	0	32
2023-10-31	10538376114	1329000	7550550	0	35
2023-11-01	10538376114	1329798	7550550	0	32
2023-11-02	10538376114	1330596	7550550	0	33
2023-11-03	10538376114	1331397	7550550	0	42
2023-11-04	10538376114	1332187	7550550	0	37
2023-11-05	10538376114	1332995	7550550	0	31
2023-11-06	10538376114	1333835	7550550	0	36
2023-11-07	10538376114	1334659	7550550	0	38
2023-11-08	10538376114	1335475	7550550	0	38
2023-11-09	10538376114	1336263	7550550	0	39
2023-11-10	10538376114	1337067	7550550	0	38
2023-11-11	10538376114	1337848	7550550	0	37
2023-11-12	10538376114	1338638	7550550	0	34
2023-11-13	10538376114	1339484	7550550	0	35
2023-11-14	10538376114	1340334	7550550	0	30
2023-11-15	10538376114	1341140	7550550	0	27
2023-11-16	10538376114	1341949	7550550	0	25
2023-11-17	10538376114	1342750	7550550	0	22
2023-11-18	10538376114	1343528	7550550	0	19
2023-11-19	10538376114	1344347	7550550	0	22
2023-11-20	10538376114	1345241	7550550	0	25
2023-11-21	10538376114	1346139	7550550	0	25
2023-11-22	10538376114	1347031	7550550	0	27
2023-11-23	10538376114	1347937	7550550	0	27
2023-11-24	10538376114	1348820	7550550	0	26
2023-11-25	10538376114	1349664	7550550	0	29
2023-11-26	10538376114	1350525	7550550	0	31
2023-11-27	10538376114	1351456	7550550	0	33
2023-11-28	10538376114	1352386	7550550	0	39
2023-11-29	10538376114	1353292	7550550	0	40
2023-11-30	10538376114	1354213	7550550	0	36
2023-12-01	10538376114	1355145	7550550	0	35
2023-12-02	10538376114	1356051	7550550	0	38
2023-12-03	10538376114	1356972	7550550	0	40
2023-12-04	10538376114	1357976	7550550	0	39
2023-12-05	10538376114	1359009	7550550	0	41
2023-12-06	10538376114	1360051	7550550	0	44
2023-12-07	10538376114	1361106	7550550	0	50
2023-12-08	10538376114	1362181	7550550	0	54
2023-12-09	10538376114	1363215	7550550	0	53
2023-12-10	10538376114	1364307	7550550	0	56
2023-12-11	10538376114	1365500	7550550	0	57
2023-12-12	10538376114	1366686	7550550	0	60
2023-12-13	10538376114	1367869	7550550	0	62
2023-12-14	10538376114	1369036	7550550	0	59
2023-12-15	10538376114	1370192	7550550	0	63
2023-12-16	10538376114	1371272	7550550	0	64
2023-12-17	10538376114	1372390	7550550	0	62
2023-12-18	10538376114	1373560	7550550	0	63
2023-12-19	10538376114	1374718	7550550	0	60
2023-12-20	10538376114	1375850	7550550	0	61
2023-12-21	10538376114	1376976	7550550	0	56
2023-12-22	10538376114	1378083	7550550	0	53
2023-12-23	10538376114	1379112	7550550	0	49
2023-12-24	10538376114	1380147	7550550	0	47
2023-12-25	10538376114	1381199	7550550	0	49
2023-12-26	10538376114	1382269	7550550	0	49
2023-12-27	10538376114	1383378	7550550	0	51
2023-12-28	10538376114	1384464	7550550	0	56
2023-12-29	10538376114	1385504	7550550	0	56
2023-12-30	10538376114	1386530	7550550	0	56
2023-12-31	10538376114	1387542	7550550	0	55
2024-01-01	10538376114	1388548	7550550	0	52
2024-01-02	10538376114	1388548	7550550	0	None
2024-01-03	10538376114	1388548	7550550	0	None
2024-01-04	10538376114	1388548	7550550	0	None
2024-01-05	10538376114	1388548	7550550	0	None
2024-01-06	10538376114	1388548	7550550	0	None
2024-01-07	10538376114	1388548	7550550	0	None
2024-01-08	10538376114	1388548	7550550	0	None
2024-01-09	10538376114	1388548	7550550	0	None
2024-01-10	10538376114	1388548	7550550	0	None
2024-01-11	10538376114	1388548	7550550	0	None
2024-01-12	10538376114	1388548	7550550	0	None
2024-01-13	10538376114	1388548	7550550	0	None
2024-01-14	10538376114	1388548	7550550	0	None
2024-01-15	10538376114	1388548	7550550	0	None
2024-01-16	10538376114	1388548	7550550	0	None
2024-01-17	10538376114	1388548	7550550	0	None
2024-01-18	10538376114	1388548	7550550	0	None
2024-01-19	10538376114	1388548	7550550	0	None
2024-01-20	10538376114	1388548	7550550	0	None
2024-01-21	10538376114	1388548	7550550	0	None
2024-01-22	10538376114	1388548	7550550	0	None
2024-01-23	10538376114	1388548	7550550	0	None
2024-01-24	10538376114	1388548	7550550	0	None
2024-01-25	10538376114	1388548	7550550	0	None
2024-01-26	10538376114	1388548	7550550	0	None
2024-01-27	10538376114	1388548	7550550	0	None
2024-01-28	10538376114	1388548	7550550	0	None
2024-01-29	10538376114	1388548	7550550	0	None
2024-01-30	10538376114	1388548	7550550	0	None
2024-01-31	10538376114	1388548	7550550	0	None
2024-02-01	10538376114	1388548	7550550	0	None
2024-02-02	10538376114	1388548	7550550	0	None
2024-02-03	10538376114	1388548	7550550	0	None
2024-02-04	10538376114	1388548	7550550	0	None
2024-02-05	10538376114	1388548	7550550	0	None
2024-02-06	10538376114	1388548	7550550	0	None
2024-02-07	10538376114	1388548	7550550	0	None
2024-02-08	10538376114	1388548	7550550	0	None
2024-02-09	10538376114	1388548	7550550	0	None
2024-02-10	10538376114	1388548	7550550	0	None
2024-02-11	10538376114	1388548	7550550	0	None
2024-02-12	10538376114	1388548	7550550	0	None
2024-02-13	10538376114	1388548	7550550	0	None
2024-02-14	10538376114	1388548	7550550	0	None
2024-02-15	10538376114	1388548	7550550	0	None
2024-02-16	10538376114	1388548	7550550	0	None
2024-02-17	10538376114	1388548	7550550	0	None
2024-02-18	10538376114	1388548	7550550	0	None
2024-02-19	10538376114	1388548	7550550	0	None
2024-02-20	10538376114	1388548	7550550	0	None
2024-02-21	10538376114	1388548	7550550	0	None
2024-02-22	10538376114	1388548	7550550	0	None
2024-02-23	10538376114	1388548	7550550	0	None
2024-02-24	10538376114	1388548	7550550	0	None
2024-02-25	10538376114	1388548	7550550	0	None
2024-02-26	10538376114	1388548	7550550	0	None
2024-03-04	10538376114	1388548	7550550	0	None
2024-03-11	10538376114	1388548	7550550	0	None
2024-03-18	10538376114	1388548	7550550	0	None
2024-03-25	10538376114	1388548	7550550	0	None
2024-04-01	10538376114	1388548	7550550	0	None
2024-04-08	10538376114	1388548	7550550	0	None
2024-04-15	10538376114	1388548	7550550	0	None
2024-04-22	10538376114	1388548	7550550	0	None
2024-04-29	10538376114	1388548	7550550	0	None
2024-05-06	10538376114	1388548	7550550	0	None
2024-05-13	10538376114	1388548	7550550	0	None
2024-05-20	10538376114	1388548	7550550	0	None
2024-05-27	10538376114	1388548	7550550	0	None
2024-06-03	10538376114	1388548	7550550	0	None
